# Nivel 2 — Poligono cerrado
#
# Mismo formato que nivel1.txt: secciones [ ]. La primera es el poligono,
# las siguientes (opcionales) son plataformas flotantes "[columna fila]".

# --- suelo ---

# [28 6 24 6 28 18 -28 2 16 6 -36 2 52 -2 16 -6 16 -6 24 6 20 6 12 14 -12 2 12 14 -12 2 44 -6 12 -6 12 -22 60 6 -40 22 -20 2 48 10 -128 -14 12 -2 -12 -14 8 -2 -16 16 -112 2 24 16 -52 -28 28 -2 -28 -16 24 -6 12 -6 12 -2 -48 -18]

# Base: [22 8 3 6 -3 5 13 -1 23 1 6 1 4 11 -27 1 8 1 3 1 20 4 -34 -8 -6 -2 10 -1 4 -1 3 1 3 1 3 -2 5 -1 -28 -3 -8 3 -14 1 3 1 5 5 -15 -9 9 -1 3 -1 3 -7 -3 -6 3 -5 -18 -3]
[66 24 9 18 -9 15 39 -3 69 3 18 3 12 33 -81 3 24 3 9 3 60 12 -102 -24 -18 -6 30 -3 12 -3 9 3 9 3 9 -6 15 -3 -84 -9 -24 9 -42 3 9 3 15 15 -45 -27 27 -3 9 -3 9 -21 -9 -18 9 -15 -54 -9]

# --- plataformas flotantes ---
# [10 10][12 10][13 10]

[61 6]
[61 12]
[61 18]
[61 24]

[52 30]
[70 30]
[52 36]
[70 36]

[61 39]
[61 45]
[61 51]
[61 57]

[14 75][17 75]
[28 87]

[118 60][120 60]
[137 60][139 60]
[156 60][158 60]

[193 66]
[187 72]
[184 78]

[118 90]

Spikes: [106 54 67]
Spikes: [139 78 7]